m HENR! 1111 vnnnncrnNNFs. 213

111111111111111111,1111 111111111111 111111· 1111111111111111111111111 1111111111 11 111·
ru 1111111111 1111111111111, 1111111111 111 111; 1111111 erro 1111 11111 111111 1111111 , 11
prone 111 1111111111 multitudinem 11111111· 11111111111111111111111111111111111111 11111-
1111111111 111111111111111111 orme 11111 1111111111 noete 11111111 1111111111.
111111 1111111111 11 111111 1111111111, 11111111 111111111111111111111111 1111111111111-
111111 1111111111 11111111, 11111111 111111- 11111111,111 111111111 11111 111111111111111,
111 11111111 1111111111 11111111 1111111111. 11 111111 11111111111111111111111 11111111
11 1111 11111 1111 111111111111 1111 11111111 1111111111111111111111111,111111111111111111
ιιι-11111111 1111111111111 111111111111 111111111,1111111111111111111 oeno 1111111·
11111111 111111111111111111 11111111 1111111 1111111111 1111111111111111 1111111111.
11111111111111111111111111111111111111· ι 1111111 emmennone 111111111111111111
11111 umorem, 11111111111111111111 11111111 11111, noeentum 1111111111 nostro
11111111111111,1111111 1111111111. 11 111111- 111111111111111111111111111111, 1111111 1111·
nh· 11111111111111111111 1111111111111· 11111 1111111111 11111111 111111 1111111111, 11
Ι- 1111 mmm 11111111111111 11 11111111 11111 111111 1111111111 1111111111 1111111111-
111111111111111111,1111111111111111111, 1111,1111 11111111 111111 1111111 corn 111111
ῃ· 11111111 11111111111111,111111111 11111111,111111 1111111111111111111111111
111111111111111111111111111111111.111111111 11111111111111111111111111111111111111(1111·
qna, 11 1111111111 111111111111, 11 1111111 1111- 111111),111111 11111111111111111811 1111111111
11111111 1111111111111. 1111 roro 1111 1111111 11111111. 1111111111111111111111111111111111
umore 1111111111 111111111111111111111, 11111111111111111111111111111,111111111
qne· 11111 11 1111111 1111111 111111111111 11111111111111111111111111111, 1111111111111
μὴ. 1111111111 1111111111111111111111111 11111111.
111 111111111111 11111 , 1111 111111111111- ι sio 111111 111111111111 1111111 111 111111
n.. 1111111 111111. 8111111 enlm 11111 11111111- 111111111111111111111111111, 11 111111111111-
ss 1111111111 1111111,1111111 nere 1111111 11111111 111111, 1111111111 11111111, 1111111111.
ῌ,11111111111111111111111111111111111111 111111111111111111111111.111111111111111111111
ἶ nure-nonen, runo reon 11111111 n· voror· 11111111 ron 1111 noer· 11111
’ ” nure, 111 sternere 1111111 non 111111111111 1111111 1111111111 11111111111111111111111-
ζ ΜΠΜΙ1111111111111111111111111111111 1111111 1111111111. 1111 1111111111 11111111

1.

·;η1111111,11111111111111111111111111111111111 111111 1111111111 prebere 1111111 11111 11111-

{imno ε 1111 111 111111111111111111 111111,11111111111 1111 1111111111111, conr.
Η1111111111111111111 sienim 1111 111111 11111111111,111111111111111111111,11111111111
11 11111 111111 11111111111111111, 1111111111111·
, 1111111111111111111111111111111111111 ι 111111111111111111111111111111111111·
111111 11111111 11111111 111, 11 1111111 111.111111111111 1111.

 

