1111 11111111 DE VALENCIENNES. 1111

u 11111111, 11 111111111111111 reoir, 1111111111111 111 1111111111111111 leur
1 1111111111111111 Ε111111 ¹, Ν11111111·11 11111 11 terre 11111 11111111 11111111
ι 1111111 ¹. 1111111111111111111111111111111111111111111111111111111111 111
e 11111111 1111111111111,111111111111111111111111111, 1111111111111111111111
e 1111111111111 1111111111111111111111110111111111111111111111111,111111
ι 111111111111 111111 111 11 111 11111111111111 1111111,111)111 111111111, 11
e 11 terrent-i! 1111111111.1-1 8111, 1111 11 1111111111111111111111 11 11111,
e 1111111111 11111111111 1111 11 11111111, 1111 1111111111 1111 111 11111111
ι 1111110111. 1 Ι

Aeone 111111 11 1111111111 011111 1111111111 111111111111111111111, 11111111
11 (111111, 11 1111111111111 11111111 1111 1111 1111 1111111111’111111111,11 111
dier: 1811111, 1111111111111111111111,11111111111111 tout 1111111 111111 moy :
1 111 111111 111 commences, 111111111111 1111111111111111,111 11111111111111
ι 111111111111111, 11111111111111 1111 11 1111111 1111111111 11111111111111
prr 111 1111111111111111 111111111111 11111111.

nore 111 111111111 1111111111111111111 111111111 1 salemque, 11 11111 111111
11111 11 111111-11111,111 11 1111111111111111111111 11 0111111111111111111111
111111111111111 perdone 111111 1111111 111-11111111 1111111 1111-111111111 11
. 11111111111111111111 111111111 11 11111 , 11 1111111111 111111 111111111111111111.
ΕΙ 11111111111 111111111111, 1111111 111 1111 1 81111111, 11111 111111111111
demeum 11111 111111 1111111111. 1111111111 111111111111111111 111111, 1111111-
11111 1111111111 1 11111111 chevaliers 11111111111 1111111111111111111111111111,
111111111111 111111111 11 currerent 11111 tour 11111111111, 1111111 111111111111
111 111111111111111. Que 1111 11111-111111111 11111111111 11111111 11 11111-
111111 11111.

01 1111 1111111111 111111 111 111111 8111111111 111111111111111-111111111111
1 1111111 11111111111111111111 1111111111 *1111111 11 1111111181111111111-
111. 111 11111111111111 111111 11 11 porte, 111 1111 111-11111 111111, 111111
11 11111111 111111 111111 11111111111111111 1111 11 111111, 111111111111 1111111
11111111 11111 11111 1 1111111111111111111111 111 Lambere. 01111111111111111-
11111111111111 emender 11 11111111111111 111111 11 11 1111111111 11111 111111111
Ι’1111111111,111 11 1111111111131111111111, 111111 111111 11811111111 11 1111111
1111111 11 1111111 11111111, 11 111111111111111111111111 111 grano 111111 11 111
grane 11111111111 11111111.

11 1111111111111111 111 111111111111 11 11111111111111111111 ’1111111111-

11111111. 111111111111111111 111 11111111 pendens 1111111111 11 11111111, comme 111
praetentarent 1111111111111111 gree-que, 1111 11111111. 1111111111 11 1111111111.
11111111 1111111111111 1 11111111111111. ³ 111111.

¹ 11 0111111111111111111 11111111111111111 ¹ 11111111.
111111111111111111111111111111111111111111 ⁸ 1111111111, 1111111511111111.111 1111111
111 seigneurie: 11111111 11 111111111111111 murmuratricem qr'ene 11111 111111 er
11111111111111 111 11111111 1111111 1111111- premiere· 111111111111111 1111111111.

 

