111111011101 1111111111-111111110111. 111

1111111 11 1111111(11(11111111111111111111 81111111, 11 111111 bonne 1111, 1111
111111 11111111 1111111111 i 1111111111 aler, 11 sentement, qui 1111 1 111111. Et 11
1111111111 111111 11 1111111111 1111111111111·.
ΕΙ 1111111 111111 (111 1111111111111111111111 11111 11 1111111111. 111111111111
1111111111 11011111111111111, 1111 111111111 1111 11111 1111111. 111 1111 1111111
1111111111 mor! 11 (111111111111111, 111111111 (11 (11111111 11 11111111 (1111111111
1111111111111111 1111 1111 11111.
11111 1111111111 11 1 (11111111 111 111111. Li 1111111111111 11 111111111111 (111
1111111 11 1111111. 111 quant 1111111 1111 11 111111111111, 11111111111111111111,
11111111 1111 1111 , 11 111 111111 11111111 1111, 11 11111111 1111111111 1111 1 11111
111 11111 , 11 111 111111 11111111 111111. 1111161111 1111111111111111111 1111111
1111111 111111111111·.1,ο11(11111 1111111111111111111111111111111 Loyr (11111111 11
(1111111 111111, 11 1111 (111 1111111111 1111111111111111111 111111111111 11111
111111 1111 (111 brach 1111111111 11 Τ11111. Et 111111111111111111111111111 11111
111 1111 111111 11 11111111 111111111111 1111 1111 contre lui. Et 111111 (11111 11
noe (11 1111111111Ι 1 1111111111Τ111. 111111 111111 liquens 11111 (11 111111, pour
11111 1111111111, 111111 1111111111 bien 1111111 chevaliers. 111 1111111 11 1111111-
h 1111111 (11 1111111111111 1111111 (10111111. 111111 partirent 111 111111 (11 11
111-81111111(111111111111111ς1111111111111 1111181111-111111 11111, 1111111111
wigor, 1111111111111111111111111 1111 ’1111111 (11 111111. 111 1111 commen·
111111111111111111111. “
h 111 termine 11 1111111111 1111111111 1111111111,1111111111111 11111, 1111111
b' 1111111111 111111 11 11 1111111 1111111 1111111 111111111, 111 1111111111111
1111 1111111111 1111 (11 gent. ’11111111 (1111111111, 111 1111 1111111111. sile 11111,
1111111111 1111111111 11 011111111111111. 1111111111111 1111111111 11 111111
11111 111111111111 1 111 homer, 11111111 1111111111 11 111 1111111 (1 11 111 1111-
1111111111111111111111. 1111111 1111111 11 1111111 ε11111111111111111111111-
ι111111111111’11(11111111111 vile, 11 1111111111111111111111111111111 1111111
⁸ 11111111 1111111 1111111111 111111 11 111111 1111111 1111 11111111111111 (111111

’111,11111;1111, (11111 1111111 11111ς ’11111111111111

Ι.1111111’1111111. ’1111111111111111111

Ι1111111 1111111 tussique 1111111111 (111 11111111111111111111111111111111111(1111

111 111111 1111111111111111111 (111 (11111 11 1111111111· 11111111,(111-11 (r. 1), 11111111

· tormer 1 (11 violentes 111111111111, 11 111111111111(101111111111111111111111111·

’111111111111111111111111111111111111- 111111 1111, 11111 (11111111111111. 11 111 111

11111111 111111 bon nombre (11111111 111 Τ1111111·11111111.1111 1111111111 (1111111111
habrum. Le 111111 (11 111 1111111111 111111111 1 111 11 11111111111111 111111 11111111111111111

nuum 111111 11111111 11111111111111111 comme une 11111 111 11 11111111111 kohan·

(1111111. (111 1111111111 111111111111 (11 1111- 111.

Ωιι, etam! 111 11 (111 1111111111111111111 ’11111111 voret 1111111111111111 premier
11 &remon 111 comme (111 1111111 111-11 (11 11 [111111111111111111111111111
1111111111 1111,111111111111(111 1111111 qur 11 1111111 (11 11111 (11 11111111111111
11111111111111111. 111111 1111111111 111111 11 (1111111111 (1111

31111· 01111111111111.1 r. 1.-

 

