3‘333 1111Ν111 1111 11111ΙΝΟΙΕΝΝ1Β. 185

111111 1111 11111111, 111111111 11111111 1111111111 1111111111 11111 1111 111111 1111111
11 1111, 1111111111 1111111 11 111 n’en 1111111111111111.

11111111 11 1111111111 111 1111111 111111111111111111111 11111 jour pour 1111·
1111 111111 111 111111111111111. Au 1111111111 1’1111111111111111 1111111111111111,
11 11111 11 (1111111111111 11111 1111111 1111111.111111111111111111,1 1111111’11 11
111111, 111 1 11111111 1111111 11111111111111111 11111111181111 1111111111 11111 que 11

. 111111111111111111111111111 111 on 111111 1111111 11 1111111 11111 1111111111 11-
11111 1111 1111111111111111111111 1111 11111111 1111111111. 111111 11 11 111111
11111111111111111111111111,111 11 11111111111111111111 111 1111111111 111 num 1111
1111111111111111 111111·11111111 1111111 1111 1111111111 1111111111111 11111111 1111
1111111 111111,111111111111 3 11111111111111 11 1’11111111111111111111111111 111111
111111 1111111111111111 11 11111111111 1111111 1111 1111 dernier, 11111111111111111·
1111111111111111111,111111111111111111,11111111111111 111 111111 111111111111111.
1111111111 11111111 11111111 111111111; que 1111111 81111 111-11111 1111 1111111111·
111111111111111111 1111 1111111111111 111111111111111111· 11111111 11111, 11-
11111111111111 111111, 11111 1111111111, 11111 111111111111111 111 111 111111

’1111111111111111111111111111111111111111 1111111111· 1111111 111111111111 1111
11 111111111111111111·ο 111 1111 11111111 1111 1111111111 1111 1111 1011111111·’. 11111
1111111111111111111111 11 1111111, 11111111 111 111 1111 11 11111111 3 11111111111111-
-11111” 1111 11111 1111 11 11111111111 1111111111 111111111111111111111111111 111 11
1111111111 111111111111 1111111111 11111 111111 11111. 0111111111 111 1111111111-
1111111111 1111111. 111111111111111111111111111 11111111111111111 111111111111, 111
1111111111111111111111111111 111111 1111 1111111111111 111-1111111111 11 1111
11111111111111111111111111111111111111,11111 1111111111 11111. cele nui3 111 11
0111111111111111111111111111111111111(1111111111. 111 11111111 1111 11 11 11111111

’, 1111111111111111, 11 111111111111111111, que 11111 111111 11111111111 11111 11
111111111 111111111111-11111 11 1111111111111 11111 11 11111 11111111 111111 grant
111111 111111 111111. 111 11111111 111111 11 1111111111 1111111110111111111, 111111111-
1111111 81111111 1111111 11 111111111111111111111111 3 1111111111111111111 1111

’111111111111111111111111111111111111’111111111111111111111111111111111111111
11111-11 11111 1111111 11111 11111111 11 1111111111. 1111 1111111111.

1Ι11111111,111111111111111111111(111 11111111 ’111111111111111111111 11 11111111111111111111
&nuum 3333 33333333333 3333333333333333 13333533333. 1111111111111111111 11 1“,11111 111111111111

111111 11 111111111111,1111111111111111 111111 1113111 1111 111111111111111 1111111111111 1111111 11·
1103303333333 33333313 11111 11111110111111111111,111 11111 11 111111·

’11 11111111.111111111 11111111 1111111111,11111111 111111·
‘333 3333 2333 3333333 333333 11111111111111- 111111111 Ι11111,11111111 11 111111 111111 1111
'¹¹'- ,ει 33 3033 33333 33333 annone& que e3c 1111111111111111111111 11111111111111111111 “
⁸ Tun (3333 1111111111111111111111111111111111
:303333 333 ’11111111111111111111111111111111111111111·
:0433333 1-1111111 11 111111.

..11111111 111111 1111 333·' -3 333 3 333 333 s.. ”1,11111111111111 11111111 111111 11111111111
”ffb rm 11111111 111111111.

 

