1111111111 DE vleeE-nnnnmn. 141

e 11111111, 11 11111 que Dex 11 111, 11 1 1111111111, 111 1111111111 11111111 iere
ι 11111 11111111 (ie 1111111111 11 de 1111- 1111111111111111111111111111111111111
α 111. 1111111 11111 11 eueni de joie 11111111111111111111111111111111111
111 1111111111111111111111111 11 1111111 11111111111111111111111111111111111·
1111111111 111 Meni-Fertne 1111111111 11111 demonreeen 11 11111 11111111
11111 111111 de 1111 1111 1111111 nn 1111 11.

monstier, 11 111111 11 1111111111111111 11 temperem 1111111111 1111111111-
ΙΙ 111. Enni 11 111111111 11111 1111111111 1111111(110111111111111111111111111111

111 11111111 11 de 1111111 1 1111111111 1 1111111111 ei 11111 menen 1 1111111 111
1111111 jon 1111 de 111 1111111111111, ¹ 1111111111ᾳυί1111111111111111111111

11111 11111111 11111 1111111. si 1111 111111111111 1111111111,111111111.111
1111111111 111111 111111 robe i 1111111 1111111111111 1111111111 1111111111
111 11 11111111111ς 1111 1 111111 de 1 11111111111111,1111111111111 1111 111
111. 11111111 11 11111111 dou 11111111- 111111111111111111111111111111111.11
111111 1111111 11111111111 11111111111111 1111111111111111111111111111111111111
11111111111111111111 qui 11111 ene 111111111111111 11111 1111111 Bene
11111 1111111111 1111111111 111111 1111 111 (1111111 11 Turne. 1111111111 11111 Ι
111 1111111111.11111111111111111111 11 11 1111111 (11111111111111111111111
1111111111 1111111111111111, qui 11111 11111,11 111 111 11111111 1111111111
mm 01111111 0111111111 de (111-11111 1111111,111111111111 1111111111 1111-
11111 1111111111111111111 (1161111111 1111111111111111 11111 111111 (111
1111111111 1111111111111111111- 11 11111 1111111111 11111 1111111111 11111-
1111111111111 11111111 111111111111111 pereourvenue‚queon 11111111 11111111.
Ι11111111111111111111111111111111111- si 1111111,111111111111111111 1111111.
1111111111 11 1111111111 1111111111 1111111111 11111111111111111111111111
111 genn! 1111111 1111111111 1111- 11111111,1111111111111111111111
quincei 111111118111118111111, 11111 comeus 11 tene: 111111111111111111111
' ὼ11111111111111111-11111111111111111 Ι 11 111111 rone 11111111111111111111111
1111111111. 111 11111111 de 11 111111 1111111,111111101111111111111111111,
ki 1111 1111111111 1111111111111111111 1111111111111111111111 1111111111111,
111 111111 11 baron 1111111111111111111 11 111111 encore 1111 1111111 de Grine,
flue 111111. Et 11 111111111111111111 1111111111111111111. Enni 111 1111111111
111-1111111111 cuens 11111 111 111111 1111111111111111111111111111111 111111-
11 111 0111111111 1111111111111111111111- 1111111111 01111111111111. En 11 111111-
moe. 111111 11 1111111111 (111 11111111- 11111111 11111 1111111 11111111111111·
nenton 11 menen 1 genn! 11111111· 111 1111 qui maiades 1111 11 1111111 111
111111111111111 11111111 11111
111 neue. 11111111 11 111111 11 111111, Ι 1111111111111111111111111111111,
1111111111 11111111 111 111 1111111. 11 i 111111111111111 11111, demeum 11111111
11111111111111111111-111111111 1 11 1111111111 de 1111111111, 111111 11
111111111111111111, qne ii 11 1111111111 N 11111111111111111111, 11 1111111111 111
11111111111111111 111 11111111 11 ’111- 1111111 111 gene. 1111111111111 111111-
tle, 11 (11111 2 11 1111111111 11111111 1111111111 11111 1111111111. 11-
1111 que ii 11111111111111111111 ii 11 11- 111111111111111111111 1111111011-
ron 1111111111. Et 11111 11111111 111· 1111111111, 11 1111 1111111111 ireres 111
1111,11111111111111 111111111111111 111 contendentem, 11111 11111111111111
111111111111111111111111111, 11 11 11- 111 11111 boine 11111 111111111111111111
1111111111, 111 1111111111 de 1111 11111, ii = 111111. 111 de 1111111 1111 1111 111111
11111111 11111111111 111 8111111111, 111 111111111111111111111111111111. .
11111111111111111111111111111111111. Enni 111 11111111 1 1111111111, que
tui 11111111 11111 1 111111. Anii 11111 11111111111111111111111. 11111 111 111111
1111111 111111 11111111. El 111111 11111 11 111111111 11111 111111111111111111111
111 11 1111111111111 111 111, 111111 em· , 1111111111111111111111111111111
peteres li 111111 1111 1111111111111 111 · 11111 gene 111111, 111 11111111 1111 que
1111 11111111. 1111111111111111111111 1 1111111111 111111111111111. 111 11111111

 

