11,-1111111111 1111 vitm-imnum. 111

ι 1111. Si 11 111111111111111111111 11111111111,11111111111111111111111, 11
1111111111111111111111111111 1111111111111111111111.
11111111 11 1111111111 111 11 111· 11111 111111 1111111111 11 111 1111111 111
11111’11111111111111111111111,1111 convient il 11111111111,1111111 11 1 11111
11111111 1111111111 1111111, 111 111111111111111111111. 11111111. ,1111111
1111111111111111111111111111. 111- 111111111111111111 1111111 111 11111111
,1111111111 111111-1111111, 1111 111111111111111111-111111, 111 1111111 11
gen· 111111111111111 1111111 1111111 (111111111111 1111111, 11· 11111 11·
1111111.Ε111111111 1111111111 11111 1111111111, 111111 111 1111 11111
1111111 11,11(1111111111111111 111 11111111 (1111111. 11 1111 11 111-
11111111 11111111 1111111. Ε111 1111111111 11 1111111111 n'en 11111111
1111111111 11 111 (1111111111 11111 1111111111 1111111 111111111-111-1111.
1111111111111111111 1111111111 (111111111111111111111 11 1111111 11 11,
111111111111.1111111111,11111111 1111 11111. 11 1111 111111111111111. 111 111
111 (11111111 1 11111111’111,111 111111 1111111111 111111 11111111 111 mi 11
1111111111 chevalier 111 11111 11111111111111111111111111111111111111
1111111111111. 11111 1111111111 11111111111111111111111111111111111111
11,(111111111111111111,11111111. 11111 (1111111111, (11 11 111111111111111
11111111111111111111 11 1111111 11111111111111111111111,11111111·111111111,
1111111111111111 1111111111111 11111111111111111, 11 (111 1111111 111111
111 11111111 111 11111111ς 11111 11 11111111 11 111111111, 11 111111111111111
1111 11111 11111111 (1111ς 1111 111- 1111111111111111111111111111111111111.
1111 111111 1111,11 11111 111111 1111111111111111111111111(1111111-1111-
1 111 1111111 11. 11111, 11 11111 11111111111111111111111111111111111111111
1111111111111111111111111. 111 1111111 11 1111111111 111, 1111111111
111111111111111111111111111111 1111111111111,11 11 1111 11111111 111
[1111111111111111111111111 11111111111111 111111 111 111111 111
1111111111 11 1111. 111 1111 1111, 1111111111 11 1 11111 11111. 111111 11111-
1 111111111111111111111 1111111111 1111111111111111111111111111111111. 111 111
-1’11111,11111 1111111111, qui 111111111111111111111111111111111111111
1111111111111 11 111 11111111- 1111 111 11111111111ς111 11111 qui 11111111
111111 11111111111111161111. 11111111111111 1111111111 11111111 11 11-
1111 11 11111 1 1111111111, 11 11 1111111 111111111111111111,11111111
11111 1111111111, 111111 111111111 11111111 11 (1111111111 1111111, 111111
111111111111111111111. 111 111 1111111111 11 1111 1111 1111111 11111
1 1111111 11 11 111111111111111 111111111111111111111111111181111
1111111111 1 1111111ς1111111111 1111, 111 11 11111111 1111 11111 111 1111
111111 1111 11111 11 11111 11111111 1111111111111111111,11,11111111111111,
111111. (1111 11111 1111111111, 11 1111111111111111111111111111111111111
111, 111 11 111 111111 1111111 11 1111111111111111111111111111111111111.
1111111111 1111111111111111111 11 1111111 grant 11 11 11 11111 1111111.
11111111111111111111111111111Εῑ 1111 111 11111111 111111 Ι“111,111 1111 11
11 111 111111111; 1111111111111 111111111111111-111111,11111111111111
11111111111111111111111111111 1111111 111 1111 111111111 111111 :qne
· 1111111,1111111111111111111 11111 11 111111 1111 1111111 11111111 1111
1111111111 111 1111 111111 1111. 11111111 11111111111, 1111111 1111111111111
1111111 1111111 1111 1111 11111· 111111, 11 1111111111111111111.1111111111
,1111111111111 111111111111111- 111111 11 111, 11 11111 11111111ς 11 11· 11111
Nom-Ponat 111111 11 11111111 111111111111111111111111111111111-
1 11111111-(11-1111 a 11 111111 11 11111 11 111 1111 11111111111111111111111
1 11111 11111111111111111,111111 1111111. 111 111111111111111111 1 11111111
11111111111111111 11111111, 111 11 1111111111 1111111 111111111111 111
111111111111111111111111111111 111111 1111111 11 1111111111111111111111
111 111111 111 11111111 11111 111 111 1111111111. 1111 111 111111 111 1111
1111111111111111111111 1111111111, 111111.11 111 111111. 1111 1111111111111
11111111111111111111111111 111 11111111 111 11111 11 111111111111111111·

 

