PAR unor'fnor' DE VILLE-HMfflfflN. 111

‚e que 11 111 11 1111111111, 11111111 1111111111 1111 1111111 perterrere ·. 1111
ki 111 11111 guerpire 111111· ¹. Aprer 1111 r'en 1111 111 1111111111 : 1111111111111
donarent garde⁸ 111111111.

En 111111111, devere 111 1111111111 1111111111 11111111111111111-111111,1111111
11 11111111111111111111111111111111 1111111111,11111111 1111111111111111111
111111. 111 11 1111 1111111111 1111111111 11 11111111 1111111 1111111111, 11 1111111111
111 ο11111111111111 1111111111 vererer. 1111111 11 1111111111 111 11111 01111111111111
ἡ 11111111111111111111111 1111.111111111111111 1111111111 que 11 11111 11 11111
1101111111111 11111111.

curre 1111 1111111111, 11 11111111 111111 11111111 1111111“1111111111111111 chevalier 11
mee 11 11111111111111111111111111111111111111111111111.1111111111111111111
1111111111 trouver que 11 11111111 1111 1111111111111, 111 11 ne 11111111 mot
111111111111111111 1111111111 11 111111. 811111111111111111111111111111111111111.
Ι,1.111111111111111 1111111111111111 111111 1111111111· 1111111111 1111111111-111111.
1111111111 11, 1111 su 11111111111111,11111111111111111111111111111111111111.
111111111111111 1111111 11111111 11111111111111111111111 111 11111111 3 1111111
11111111111111111111111111111111111111 1111111111111111111111111111 roy
humere· 111111111111111111111, 11111111111111111 111111. 1111111111ιί 11-

·-ΊΙ 11111 111111.8111111111111.111 1111111 Ι 11111111111111, 111111611111111111111111111111-
h 11111111 1111111111111111111,11111111 1111.1111111111111 1111111 1111111 1111 111
ΝΜ 11111 1111111 (1111111 1111111 111 11111111, 11 1111 111111111111111111111111-
ῌο111111111111μοορη11111111111 operiar. 11111111111111111.111111111111111·111111,11111

Qum 111111 11111 11111111ιί111 1 111 11111111111111111111111111111111. 11111111)
1. 111 111 11111111 11111111111111· ⁸⁴5⁵„ 111111111111. n
,hunde 11 1111111111. 11111 11111111 111 161111111111111111111111111111111,111111-

* 111 1111111111 reue . 1111111 111111 11 111111111111 rerer 1111111 11 11111111. 11111
Η. 1111111111 111111111111 11111111 111111, 11111 11 111111 111111111111111111.
hrum 11111, 11111 111111111111111. 1111111 10111111111, 11111, 11111111 1111111 111111-
1μ111111111111101111111111111111111111111 11111, 1111111111111 11 11111111 11111 11111111,
benicet 111 11111 111 111111111111111- 11111111 11111111 111111111111111111111. 11111
Π. 11 111111111111 11 111111111111111 111111111111111111111,1111111111111111111..
ms. 11111111 11111111 111. 1 111111) Ι11111111 1111111.

muneremunere 1111111111 1111111 11- ι1111111111.

ὓ 11 1111111,11111111’11 1111111111 ι111111,1111111111111111111111111111111111
,Ιὺ11111111111111111111ὀ111111111111111 11 vennere-mune. 1111111 1111111111111111 1
m! 111 11111111. 111111 01111111, 111111 1111 1111111111111111

’1111111111 11111111 1111 111 rerer. 111 111 0111111111.11111111111111111111111111111111111
111 perr 1111111111 1111111111111111111 1111111111 11111.τ11111111111111111·1111111
*comperte 11111 111111111111111111111, 11 1111111111111111111 11111111111111111 11
Ι1111111 111 1111111111 pour 11111111 11111- 11 1111111 111 11111 111 111111 11111111 11
1111111 remunerantes. Quane 11 11111111 Tener. 1111111 1111 111111111111111 apri-r

h qr'u 1111111 111 1111111 11 1111.11111 1111111111111111111.
Ν1111111111111111 miserrume 111 11111- ·11111111111. 1111111 11111, 11111 11111111.

1111111111 11111111111111,111·11111111- 11111 1111111 11111. 1111 111111 11111111 11·
Ν 1111111 111111 111111. 11 11111 11111111 111· 11111111111111111111111111111.
1111111111111.11111 1111111111111 111111. 11

 

