PAR GEOFFROY 1111 1ἸΙ.Ι,11-11111111111’. 1111

11 1111, 111 11111111 1111111111111111 (11111 11111 11111111111,1111 111
1111111 11111111111181111 (11111111 1111111111111 com lui 1111111. Par 11
11 111 11 11111111111111111111111 11111 111 11111111 11111 (1111111111111.
111111111 [11111111111 (1111111111 11111111,11111 111 1111111 11 11111
1. 01 11111111 11 1111111111 1111111 11111111111111111,1111111111τί1 ·
(111 111111111 1111111 (11 11 11111, 11111111111’1(1 11111111111111111*
11 (111 111111111 11111111 11 (111 plus 1111 1111111111111 1 (111111. 111 1111111
11 grant 11111 grant 1111111 111 111111 1 111111 gent, 1111111111 1111111
, 111111 (11 Ι1111, 11 11 11111.
111111 111111,ρ11 111111111111111111111,11111111 11 11111 1111111111
111111 (1111 1111111111 11 11111111 1111 garnie (1111111111 11 111111111
1 (111 11 111111 11 1111111111· 111111 111 11111111 1 (11111111111111Ἀ-
1 111111 111111, 1111 hetberga (111111. 111111 1111111111 111111 (11
, 1111111111 1111 bien 11111111111111(11111111111111111111111. 111111
111111 11111 11111111611111. Τ11111111111111 111 1111111111 (11111111 1111
111 1111111111 gent 1111 (111111 1111111111 11 11111111 8111111111-
11 1111111111 1 (1111111111 111 11111, 111 1111 11 (111 111111111 1111111111
3 11 11111111111111 111111111111111111111. 1111111, 11 11111 1111111111(
1 1111111111 1111111111,(111111111 (1111111111 111111111111 111811111-
111111111 ordonn 1111 111 1111111. 11 1111111111 11111111111111111111
11111 11 111111 111111111111111111,1111111111111111111 1111111 (11
’1111111111 111, 11 11111111 (11 Τ1111111111. 111 11 11111 ke, 11 11111111 (11-
11111111, 11111111111111 1111111111 11 11111 os (111111111111111111. Bt
1111111 11 11111, 1111111 111111111 (1111 111111 11111111111111111 111-
1111111 1111. 1111 11111 11111 111 on 11 1 111111111111111111111111 111-
Ι 111 1111111111 i 11 (11111111111111 11111 1111111ς11111,1111’11111 (11
1111111111 11111 11 (1111111111 11 11 1 11 moult de pris etde 11111, 11
11111 11 111111. Et 1111 111111 111111111111 111111 1111111111 11111111
1111 11111111 1111111111111 11111 11111111111111 1111111111 11111111
1 11111 111111.
11111111 1111111111 (11 11111 (11011111111111111 11 111111111 11 11111111 (11
11111111111118111111111 11111 11111111111111111 111111 1111111 111111-
111 (111 11111111111111111111111. si 111 11111 1111 deus 1111111111. 11-

11111 (111 111111 1111111111, ce 111 111 · 1111111111.

11 1111111111 1111111111 11111 1111, ³ 111.

111111111111111111111 (111 11 1111- ⁸ 1111111111, 111111 111111111111111111111

1 mnes, quoique 1111111111 111 11· 11111111111111111111111.

111 111 (111 gens 1111 1111111111 11 ’511111111111111111111111111(11111. 2) (11

1 11 hume 1111111, 11 1111111 1111111111. Son 11111 111111111111,11111111·

111 11111111,1111111111111111111,11 111111 (11111 111 1111111111 1111111 (11 (111111

1111111 111111111111. ι 11111-111111111.

111, (1111 111111 11111111 (1111 11 non· ι 11111111 (111 11111 11111 11 ce (1111111111
11111111111111, 1111111111( ,111111111111111111

 

