PAR ammoy DE vim-mmm. 11

1111111 111 1111111111. 111 111111 11111111111111111111111, nous 11111111
. 1011101111. 11

1111111111111111111 1111111111. 11111 1111 11111111111111 mie 11 1111
111111111111111,11111 11 blano 1111111Ι 111111111. Li 111111 111·111111111
1111111 11111111 1111111111 1111111111 1111111111 111111111111111 111 11·
11111 1111111111,111111 11111 11111 111111 11 1111111111 1111111111 11
11111’111111-11111;11111111111111111111111111111111 111111111111111111
111 :que 1111111 11111111111ς1111111111111111 11 11111 11811111 11 1111111111
11 1111111111. Lon 111111 1111111111111111-1111111 11 11 1111111111111111
11, 11 quem 11111 11 111111 1111 0111111111 et 11 (1111111 111111111111111 11
1111111 11111111, 11 111111 11 11 11111111 11111 1111111111, 1111111111111
11111111111111.11111 1111111111 11 1111111111,11111111 11111111 1111-
memorent 1111111111111111, 111111 11111 111111111111111, 1111111 1111-
111111111111 pendam ³. 1111111111111111111111 111111111111 111111
11111111]1111111,1111 partie 111 Ἑ11111111,111111 1111111111 avoir. Do
1111111111 11 1111111111 11 11111-111111, 11 11111111111111 1111111111, 11
1111111111, 11 cuens 11111 11 11111 111111 11111111111 111111 11111111.
1111111111111111111111111111 111 11111111 11111111, 11111111 1111111 quant li
11 111111111111111111111. 111 1111111111111111 11 1111111111 11111 11·
1111 1111111111 1111111 1111111 1111. Et 11111111 quo li 1111 111 gens 111
1111111111 11111111 1111111 1111311111 1111111111 1111111 11 11 1111-
11 11 11111 1111111 11111111111 1111111 1111111. 11111111111111111111111
1111111111 111 1111111111. 111 une 111111 111111111 cinq 1111 11 1111-
11 1111111 111111. Une 11111 partie 1111 11111 111 11111, 11 111 1111111111
1111 1111111111; mai· 11 11111111111111 111 1111111111111 1111111111 tous, 1111
11 111111111111111 111111 111111. Emi 11111111 11 111111111111111111

1111111111 11111111111111 111 11111 1111111111111111, 1111111 111 Gar-
1111111111111111111111111111111111111111, 111111 1111111 grant blame.
1111111111111111 11111 1111 1111111111111, 11 11 111 11111111 11111111-
, 1111 1111111 1111, 11111111 1111111 11111111, que 11 11 1111111111 11111111
1,11 111111111 111 111111. 1111111 11111 11111111 11 1111111111, 11 111111
1111111111 1111111111, 111,1111111·11111111111111 11111111111111111811111
111 1111 111 11111111, 1111111111111111111111 111111.Ρ1111111 1111111111

111111 = ι 111 111111 11 (11111111. ι Ι 11111111 1111111111· 111. ι 1111111111 11111111
1111111111. ι

111111 0111111111, 111111 111111,

munerun, ⁸ 1111111111 1111 1111111111 11 1111111111-

11 5· 1111 . ι 11 11111111111111 111111 111111 ; ·
111· 11 111 1111111 111111111111111111 111
³· 1111 1111111111. ·

²⁰³· ’1111111 111111 11111111,11111111 1111111.
1111 11111 1111111111 ι 1111. · 11111 1111 · 111111 111, dedens.

111111 pondu· 111 11111111 111 11

 

