EXTRMTS 11115 ,1111111118 11181111Νὸ. 115

11111111 111 11111 1111111111 11111111 1111111111111111111111111111 1111111-

11111 11111-111111 11 11111111 111111 1111 1111111111 11111111 11111111111111

*1111111111 1111 11111111 1111111- 111111111111111111111111 1111. 11 111

111. 11 1111111 11111111. ’1111111111 1111111111111111 11 111111111111 pour

11111111111111111111,11111111111,11 111111111111111111111111111111111,11

Ιᾓ11111111111111 11111 1111111111 1111111111 11111-1111),11’111111111111
11111111 111111111111111, 1111111 1’11111111111111111·.

,111111111111111 111111111, Α 111111 111 11111 11111111, 11111111

11111111111111111 11111111 111111ῑί11111 1111111111, 111111 1111 1111111 1111-

·111 111 1111111111 1111111111, pour 11111111111111111111), 1111111111 11 11111111

111111111111111111 111111111- 1111 111111111111111111111111111111

11 11111 11111 1111111 1111111111. 111111111111111111111 111111111 Mu·

1111 11111111 111111 1111111111 1111111111111111111111111111111111

. ’1111 111111 11 11111111111111 1111111111,11111111111111111111111111111·

1111111111 111 11 1111111 111 111- 111111111111 [111111111111111111111111

’ meddin 111 11111111 111 1111111 1111111111.111111111111111111111111111·

1111, 11 11 1111111 11111111 11 1111111111111111111111111111111111

, 11111111111111111111111111- 11111111111111111 (11111111111111.11

1111111111111.11111111 111111, 1111111111 que 1111 11 111111 11111-

111111111111111111111111111 1111 (11111111 11111111 111111 occidentale 111

le 1111111111 11181111-11111111111. 111111111111111111111111111111.11111111·

1111111111. Su 1111111 1111111111 1111111111 11111 111 11111111 111111 11

1 1111, 111 1111. 1111 111111111·. 1111111111111111111,111111111111111111

111 11111111 11111 11111111· Anno. 1111111111 111111 1111111, 111111 1111111111-

Ι·1111111111 Alexis, ΙΙ 1111 (rouo 1111111111111111111111.1111111111·

Ι len ς Irene, Man'p, 1111111111, 1111111111111 1110111111111011111111111111111

11111111 11· 11111111111111111- 11111111111 1111111 1111111 111111 111-

. 1111 111 1111111111 1111111111 11 11111. 111 1111111111 1111111111 111 1111111111

’μ11111111111111 11111. 11 11 11111 111111 11 11111 11111. - 11

1111 11111111111111111, 11111- 1111111 11111111 1111111 1111111 1111

mc 1111111111 1111111111, 111111 111111 1111111111 11111. 1111 oblini 111111

. 1111111111111111, 1111111 111111 111 111111111111. ‘rous 1111111 11111111-

Ι11111111111111, 1111 11111 111- , 1111 1111111111 111 111111 111 (1111111111-

.,1111111’,,1111111111’11111111111111111111111·

11111111111111111111111111111- 01111111 1111111 11111, 1111111111

11111111,1“1111111111Τ1111111111111- 11111111111111111111111111111111111111

qma 111111111111111 (1111111111, 1111111111111 1111111111 111 11 111111-

1111111111 11 11111111111111111. 111 ⁴, - 11 1111 111111 111 1111111111

111111 ensuite 111 1111111111 111- pour 1111111111 1111111111 11 11 11111·-

111 11111111 11111111111111111- 11111 ⁸. -11111 111 111111, 111111111-

1(1113111111111)’. 111 1111111 1 1111111111, 1111 111111

11111111111 111· 1111111111 111111- 11 11111111 tous, 1111111111111111, 11

11111,1111111111-11111 111 111 111111. 1111111 (11111111111111111111 11 1111-

1 111111111111111111111111- 1111 111 111 11111111. 1111111111 donc

,¹ 11111111 1111 1111111 1111111111111111111111111, 11 1111 11111111 11 1111111

e! 11 1111111111 11111 11 111 1111111111111111111111111). Ι.1 11 11111111 Eu-

' 111111111111111111111. 111111, 11111 11111111 11111111, 11 11111111.

111111111111. 111 111111, 1111 11111111111111111111111111111,1111.

11111111 111 1“1111111,11111 1111111111· 1
1111111111111111111111. ·11.11111.,1,1ι,

1111.. 1. 11.

ff12‘m⁰''‘'⁸' 11111. 11.

u.. 1. 111. ⁴111.. 1111.
111.Ι r. 111. 3 ·‘ 111.,1.11.

 

