111111110111101 1)ss vitm-mamm. 811

1111111 111111111 1111111111111111111111111111 11111 1111111111111 11 1111 111
1111111 11111111111111 1111111 111 111111111111111111111111 111111111111 111111-
1111111111111 1111111111111111 11111 1111 111111181111. Et 111111 si 11111
111111111111111111111111111111111111111111 011111111111111. 011111 (1111 11-
m 11 111, 1111111 11111111111111111111111,111111111111 11111 11 1111 11
ment& 1111111111. 111111 111111 11 1111 , pour Ιο11111111; 111 11 11 11 1111111 1
11111, 111111111111111 111111111, 1111 111111111111111 11 111 puls. 0111111111
a 1111111111111111111111111111. 11111111111111111111 moult bonne 1111111-
ml 1111111111 111111111111111111111Β11111111 111 111111 1111111111 1111111111 11
ΙΙ1111111111,111111111111111 111 11111111 1111111111111 111111111. 111 11111
1111111111 1111111 1111111111 11111111. 111 11 ’1111111 1111 11 111111,11 111111111
111111 11111 11 11111111111111ς 11 11111111111111111111111111111 11 111111111-
mu 111111111 1111 11111 11 1111111111 111 111111111111111 11 11111 11111111
11111111, 111111 bons 1111111111111111111, (111111 1111111111111 11 1111111111
1111. 11 11 1111111111111111111111, 111111111 1111111111, 1111111 11111111,
ΙῊ11111 11111111 111 111111* 11111111, 11 11111 1111111111 11111 1111111111111111111111
ιΙ11111111111111,111111111 1111111111111 1111111 1111111111 1 111111 1 prin.
111111 1111111111 11 111111 1111111111,1111. 111111 111 11111111 111111 1111111111
1111111 1111111 1111111111. 1111111111, 11 11111111111111111111111 111111, 111111111
1111111111 1111111.

11111111111111111111111111ν, 11 1111111111111111111111111111111111101111111-
Ἢ,1111111111)111 111111111111111111111111,11111 11111111111111111111111111
Ήε11111111111ρ11111 11111 pur 111 1111111111,1111111111111111111 111111111 1111
1111111111111111111111111111111111111111111111·111111111111111111111 1111111
*1111111111ιί 1111111111 1111111 11 1111111111111. 111111111111111111116111111
Π1111111111111 11111 11111111 1111111111, encore 111111 11111111111111111 111-
*11111111111111 1111111 11111. 11111 1111111 111111 1111111111 1111111111111
111111 1111 ou 11111, pour 11111 1111111111. 111 111111 11111111111111 1111111111-
h 111111111111111111111111 1111111 11 1111111111 1111111111. 111 11111111
1111111111 11 1111111111. Lon 1111111111 111111 111111111111 1111111 1111111 11-
11111 111111111111. 11111 1 1111111111111111111111, 11111111111111 1111 11111
niun 111111111’11111111111111111111, 1111111 11111111 111 111111111111111111111-
bmnie 11 111111111111111111111, 1111111111111111,11 111 11111111 11111111·

ι111111111111111 1111111111 11 111111 11 *11111111 ·
ῌΙ. ’1111111111111111111111111111111111111-

’1111111111111111111 111111 111111111111111 1111111 111 11111 1111 111 1111. 111 1111111111
[flu 111111111111) 11 1111111 11111 :- 111, 11111 11111111111111 111111111111111. 11111. 111
’111 11 11111111 11111111 11111111, 111 1111111111 111 11111111111111111111111111111 1111111111
Ρ11111111. · 11111111111111111111111111111.1111,·1111111
ι11111. 11111111111111111111111111111111111111111111
’111 · 11 1111111111111111111111 11 111 1111. ο

hm! 11 1111111111111111111. · 1111,11111111ι;1’111-ι1-1111,1·111111111ι11111
ι111111111111111. 11111111.

ΙΙ. 11

 

