m 101²an DE 1111111-1111111111111. 119

1111111111111111111111111111 111111· 111111111111111111111111 1111 111 1111-
111 11111111111111111111 111111111111111211111113
11111, 1 11 1111111111 1111 111, 11 111111- 11111111111111111 11 1111111111, 11111111
1111111111 111 1111, 11 1111 111111111111 111111111111111111111111111111111111.
1111111111111111
&hiemum 1111111111 1111’111111111111111 111111 11 1111111111111 111 11111111 11
11111111111,111111111111111111111111111- 111111 11 111111 111111 11 11111,1Ι 1·1
’1111111111111 1111111 1 111111 11111 1111111111 11111 11111111. Sine 11 1111
1111111111 1111111111. 11111 111111111111 11111 1111111111, 111 11 111111 11111111
11111111111111111111111,111111111111111- 111111 11111111, 11 111111111111 11111111
111, 11111111111111111111111111111111 11 1111111111111111. Ena! 1’11111111111
1111111111 1111111111. 111 1111111111111 11111111 111111111111111111111111 11
dcent 11 1111111111111 11111 1111- 1111111111111111.1111111111111111111-
1111,111111 1111111111 1111 (11111. 111111 11, 111111111 1111111111 111. 111111111
1111111111111 1 111111111 1111111111 11 11111111111111 1111111111111111
111111, 11 111111111111111111111 Kyme 11 111 1111 111111. 1111111111, 11111111,-
111111 1111111111111,11111111 1111111111111111111 que li 6111 1’11
αα, 1111,111111111111111111;11111 111111111111111.1111111111111111π1
111111111111111111111111111111 1111111 111111111111111111 11 11111111 11111. 111
1111111111111111,11111111111111 1111 11 111111111111116111 1111 11111

j 1111111111,1111111111111111111 11111 1111111 111111111 111-111 11111
111111111111111111111111111111 1111 11 111 1111111111 111111 11111111
1111111. Et 11111 1111111 1111111111 111111111111111111111111’1111111111111

Ι1411 111111. 11111 111111 11 1111111111 111111111 1111111111111111 que 11 1111
Ὴ11111111111111111111111111111111, 11111111 1111 111111 11111 (1111111111 11
, 111111 1111 11111 11 111111111111,11 1111111, 11111 1111, 1111111 1111111-
'. 11111 111111111 1111111 111111111111111111111111111
⁵ ' ι 81111111111111111111111111111 1111111 11111111111111 11111 11111 11

ἰ’ 111 111111 (11111111111111 111111 11 1111111111,1111111 11111111 1111111111
w vennae. 111 1111111111 11 1111111111 111111 11111111111’111111111111111111-
·11 11 11111111 111 11 1111 1111 1111, 111 11111 11111111111111111111111ὀ11;11

't 111111 11111111 1111111111111111111111 11111111 111111 111111111111.1,1111111-

·ι 1111111111. 111111 1111 1111,111111 11111111111111111111111,1111111111111

*1111111 11111, 111111111111111111111 111 111111111 1111111,1111 111 111111-

·11 1111 11111111111111.1111 111111 1111111111111111111 11111 1111111111-

,ι 1111111111111111111111111111111111- 11111. 11111111111111111111111111 11 111-
« 111-81111111111111111111111 1111, 1111111111111111111111,111111111 11-
1 11 111111111111 1111111111-1111, 11111111, 1111111111 111111111111 11
ᾳ 111111 1111111 111111, 1111 1111 1111 1’111111111111111,111 111111111111 111111
ι 11111 111 11111111111111111111111, 1111 111111 1111111,11111111111111 111
’1 11111 1111 1111111. 111 1111111111, 11 111111111111111111111111,1111111111111

‘d 1111 11 11111111, 11 111111111111111 111 1111 11111 1111111 111 1111111 1111
n 11111111111 1111111111,1111111111- dou 1111, 11 111 111111111 111111111 11
1111111111111111111111111111 11111111111“1111”11.“111111111ῑ

'e 11111111111111111 111111 11111111 11111111111111111’1111111111111111;
11111111111111111111111 11111111111111111-’11111111111

, .

’ 1 1111111 11 11111 111111111111 111111- 1111111111111111111111111 11 1111, 11-
1 1111. 111111111111 111111 111111 11111111111’1111111 11111,111·111111111
111111111111111111111 111111 111111 11111111111111111111111111111111111,11
Ι1 111111111111111.1111111111111111111 1111111111111111111111 11111 1111111-
1 11111 111111111111111111111 11111 11111111111111111111 110111 11111
111-11111,11111111;111111111111 11111111 111111111 111111111111 1111111 111 111111.

 

