EX'PRAITS DES Aureolos rrr'ssNTflrs. ⁴⁴7

1111111111111111111111,111111111111111 111111111111110111111111 1111111111
mv. 1111111111111111·.
11111 1111 11111111111111111111111- 111111111111111111111111111111111.
11111 11 11 111111 1111111111 1111- 11111111111111111111111111111111111
111111111“111111 111111 11111111 111111111111,111111111111.111’1111111
11111111111111111111111111111- poison, 111111 111 111111·.1’1111-
11,11111111111111111,11’111111111111 11111111111111111 111111111111111111-
1111111111111111111111111111111111 111111111111111111111111111111111111
ι. cerro sllionce 11 1111111 11111111 11111 1111111 11 1111111111111111111-
re 111 111 11111111 1111111113. 1111111 1111111111. 1111111111111
Ι 11111 111111 1111111 1 1111111111, 11111111111,1111 11 81111111, 1’1ι111
-11111111111111111, 11 1111111111 1111111 111111111111111111 1111 11
11111111111111111111111111111111- 11111 Kissos. Le 111111111 11 continua
11111111, 111111161111111111, 11 11 1111111 111111111111111, 111111111
horr 11 Kissos 11 1111 11 1111 1111111 111 1111111111111111 1111111111, qui 11111
11111111111),1111111111111- 1111 11 1111111111 111111. 01 11111
11111111111111 nord. 111 11111- 11111 1117 ou 28 septembre. 11111-
11111 leurs 1111111, 1111111111 111 1111111 1111111111 1111111 11111111 11
11111111111111111111111111111111 11111101 111, 1111111 11 1111111111 11
1111111111 11 1111111 1111111111 1111111111111111111111111111111111
usas 11111. 1 quelque 1111111 11 11 mort 11 1111111111. 11 11111111 ss
peslero 11 11111 111 ruse⁴ 11 111111 route, 11111111 (1111111111111, 1111111
Ι111111,111111111111111111111 1111111111111 1111 1111111 seeo les
11111111 11111111111111111111 11111111111111111 1111111111 111-11-
1111111,1111111111111111111111 111111 11 1111111111111 leur 1111111
1111111111 111111 1111111111111111, ou 111 111111
111 1111111111 premiere 111111, 111 111111111111111 81111111. 11 11111-
11111111111 11111111 111111
1 “ 1
Ι 1111)11111111111111111111111- 11111111 111111111111118111111,
Β, 111. 111111 1’111111111111111111 111111111111111111111111111111111111
ᾘ11111111111,’1’11111111111111111; 11111,111111 111111 111111111111111111
rh 1111111111111111111111111111 1111111111111 111 11111111,11111111111
1-111111111111111110111111, 11111 1111 1111111111 entant ‚ 11111111, 111111
Musque-lo 1111111111111111·. 1111111111111111111111111, 11111.
1111,1111111111,1111111 successeur 1111111111111 1111111111 1111111111
11111 1111Ιί111111,11 11 111 premier 11111111111111111111,111111111111111 111·
1111111 1ἒὲ11111311ὲὲιῖῗῖἵῶ 1111111111 111111111111111
1. 111 ss 1111111 11111 (Irene) 11111 111111 1111 111111111111111111111-
111 (11111111, 111111 111 1111111111 1111111111111111111111. 111111111111-
11111111111111111,11111111111111’. 1111111 1111111111 un 11111111 (1111-
1111111111,1111111 1 1111111111, gotes) qui possedere 1111111111111-
11111111111111111111111111111111- 1111111111111111111 Ge 1111111111111·
eor 1111 1111111111 regna 111111. 1111111111 1111 11111111111111161111
1111111111111111111111111111111111 111111 bosso-rins qu'il se 11111 perdo
11(1111 111111 11111111 1111111111 11 1111111 1111111 11 forteresse. 01
1111 1111111 1111111111, 11 qui lui 11-
1.11111..1.11. 111 11 eoeor, 1111 111111 11 11111111
u„ ,1, 1111111111111111111 11 111111111 11
Η ,31 11111111111.1,11111111111111111111111111.
[ὦ. 11111111111111111111111111111111

M.. t. ³⁷· ¹ 11.,1. 111.
11.. r. 111. ¹ 11.,1. 11.

,Ι., r. oo.

 

