11101011101 ΒΕ 1111111-1111111011* . ³7

111101101111111011111011 111110101111110111101, 101 1111111111 que 11
111101,01111010101111111101111111 10 11110 111111 commo 11 111-

11111101101111 11011 1111111111 1010111111110 0110 11110 dmm
liquens 10 111111010110 111111 1011ς11 quent 1111 10 111011 1011. Li
111110 ’1111011111 1110111 1111011101110111111111111110111101111110111
Li 11011110 101ο110 1111111111 111011 : 010101 10 1101110 01 11111 1111111-
111011110 10 0011111111 10111011 1110111 01111011 10 11111110 01 (11111011
1111108110011111111011111 111110, 11 101 11111010 quo 11101 1111101011
1111011011111·,110 il 101101011 101110 101101 101 101101110101 que 11
11 111111011.

11111011 111 1101111101 com 1011111101, 0111110111 11111011 01110111 01 11
111111111001101110111101011 1101111 plus 11111 110110 10 1111110111
11110 101111 01011111101011111111110110111001 ke 11 1 1111011 10 pre·
11110101111011101. 11 1111 10111110,111111111111111111111111111,
111111111011101111101,101 01111111 11011 01101111111111010111011ς 01
10111011111101101101111111. si 11111011111111111101111011111101101-
110111 10110. 1111011101 11101110111010110 01 111011111 que autaut 101
01111111 101 1011101111 011111011010111110101111111101 111 111 10-

1 11111 101 respondi ε 1811111011, iou 1111101 101011011101 1111101. Β111
101110101110101110111111 li 111111111111111 1111 οο110111. 111 11

11111 111 chronique 1101111101- 11111101011111·111111101011011 ..... (110111
11 1111101111. 10 111 11111110 11111 101101111111101110101101010101111011111111110
11. 010111010111101111011 111110- 11111011, 11 111Ιο 011 101111111111111ος 0 01-
1 111110 pm, 10 10 penso 111 1111 111 101 111111 1 11 1111111101 11010 11111111
011 11111110 11 011111101100. (1111).

111 1111011 11110111 111 101111111 1111011111111111,1111111111111111111111
1110 11 1111, 011100 11 11111011 11 constantinopoli, 01111101Ις 01111110111111
111 111011 queue, 01 101111 de 1111111111 101 1111111010 11 1011011110, 0110111
1. 01 111101111111110 110111 1010.

011 111 1111, 1111 1011106101. «110111101110 111111, 1111110111 1,
1111, 11 1111111111111101101100111, 1111111101011111111111111.1111100011οο11111;
011101110100101101101 1110 , 11110 011 1011110 11 1111100111 ..... (110111 111
111110, 111 11111 10111 11 11111101 11011 11 10111111 1010111 101 111 11101 1111·
1011 . 01 11110111 111110 1111111110 1111111111, 11 11110 1111110111 10 11 111111
11 1111101111, 1111101111111110· 1101.

1111010 0101101. 1111111811111 Υ1101111111117110111,
nm. 1112111111·
11111111111111110111111111111- ⁸ 0011. (1111111111 101 01111111 1111110 111
nemis 11111111, mnf} 11111110, 1011,11111111011111111111 1111 11110111111.
11111111111111010111111 611110, 1ae 11111111111181111111111101111 11 11 11 1111·
1 111101111010011110 011111 1110111111111101111011011111 1011111111

1111111111 151 111 :que 1111111 101 cremon .

11111110. dage 11, 11111110110101 1111111111 1019101111 011111 1011110111 terme·
111110111111111 111· 1111111111, 11111111 1101111101 1101111111 [01110111.

 

