m mmm ΒΕ vim-munus. 115

1111111111111111111 1111111111 1 111111111111111111111111.111111111111
1111, 111111 11 1111111111 11 11111111111111111111111111111.
111 1111111111, 11 1111111111 111 11111- 1.1 1111111111 111111 111 111111 11
111,1111111111111111111111111 1111 11111, 11 11111 111 1111 1111111111 1111
111 1 111 1111111111. 111111 1111 11111111118111111111111111,1111111·
1111111111111111111111111111111 111111 1111111111 11 11111111. 111 111
1111111111ι[111 11111 11111111], 11111111111111 1111111, 111 111111111
1111111111111111111111111111τ 1 1111111. 01 1111 11111 111 1111111111
111111111111111111111111 1111, 111 111118111111111111111,111111111 11
1111111111,11111111111111 1111- 11111111. En 1111 1111,Ιὶ 1111111111111111
1111111,1111111111111 111111 11- [111 (111111111111111 111111] 11111 de 111
1 1111111 11111111 1111 1111111111 1111111111111 11 11111 111111,1111-
· 11111111,11111111111111 11 11111- 11111 111 11111111 que 11 11 111 111111
11111111111111. 1111111111111- 11111 1111 1111111111, 11 s'en 111, 11
1111111111111111 111,11111 11111 11111 1111111111111111111 1111111111111
11111111111 n'avoient 11111111 1111111111111111111111111111111111111-
11 1111111 11111111111111111111111 1111111 1111111111111,1111 11111 111 1111
1111111] 11111111111111,1111111 11111111 11 1111111111 11111111111111, 11
11 111111111111 1111111111 11111111111111Η1111111111111111111111,
1111111111111111111111111111111 1111111111 11 11 11111111111111, 1111111-
1111111111 11111111111111 11111- 11111111111111111111111.Α1111111111111
1111 11111 11 1111111111 1111 111· 11111111111111111111111111111111111
1111111111. 1111111111 1111111111 11111 111 111111111111111 : que 11111-
111111. 1111111111111111111111111,11111111111
1 1111111111 1111111111111111,111 1111111111111111111111111811111. 111
111111111111 111 1111111111, 1111 11111111111111·11,111111111 11 1111111111
11 1111111111111111111111. 11111 1111111111 1111111111, 11 11 1111111111
111111111111111111111111111111 1111111111 111111 1111111. 111 111111 11
n noep3 1111111 111111111111111111 1111111 11111111111111 11 11111111 111111
1111111111, 111 11 11 11111 1111 111111111111111111, 11 111111111 11111
’11111111111111.11111111111111· 1111111. 11111111 11 1’111111,111111111
1111111111 1111111 11111 111 1111111 111111 11111 11111111111111111111,111
11111111111111111111111111111111 111111 1111 1111111111 11 11 1111111
111.111111111111111111 1111 111111- 111111111111111 1111111111 sire· 1111111· ,
111111 111 gens 111111111111111111 11111 1111111111 111111,1111111111111111
11111’1111111111111111111,1111111 11111 1111111 11111111 1111 11111111 11
111111111111111111111111 111 11- 11 111 111111 1111111111 111111 11111111
. Et 1111 1111 devenies 1111111111 11 1111111. 1111111 11111 1111-11 11111· :
111111 1111111111 1 11111, 11 1111 1111111111111111111,1111111 1111 111-
111 11 111 111111111 11 1111 gent 11. Lon 11 1111111111 111111111, 111111
11111 111111111111111111111111111111 11 1111111111111111. si 1’111111111111111
111,111161111111111111111111,1111 111 1’111,11111111111111 11 1111111111
1111111111111111111111111111111, 1111 11111 111 61111. 111 11111111 111111-
11111111 1111111111 111 11111. (111111 1111111 1111 1 11111. 1111111111111111·,
1111111 1111111 111 1111,11111111- 11111111111111 11111111 moinum. 1.1
111111111111111 111111 111 111- 1111111 11111111 1111111111 1111111111
11111111, 11 111 1111111111 11- 11 11111111111111111111111111111111111
111111. 111 1111111111 111 111111- 111111111 11111111111,1111 1111111 11111
111111, 1111111111111111 1 1111111- 11111111111111111111111111 11111-
1111111111111111111111111111111 1111111 1111111 que 11111111111 1111111
nux 11111111111111111111111 11 1111111111111111 11111 1111 1111111,1
si 11 1111111111 1111111 ou 111111 111111111111111111111111111111111111
11111111111 11 1111111111. 1111111111 1111111. Ε1111111111111 11111111111111111
111111111 111111111 11111 1111111- 111 111111111111 11 1111111111111111 11
1111 gent 11111 111111 1111 111 1111 1111111111 1111 111111111111111111111-
jor. Et 11 1111 1111111 1111 1111 1111111111 1111111 111 11111111. 11111 111-

 

