mn emmo? DE vum-mmm. 73

111111111111 111111111111111111111 111111111111. Et 1111111111 11 rive 1
1111111111 (1111111111 11111111 (iesous 11111111 1111ο11. 11 11111111 1111111111111
111111111111 1111111111, 11 1111 quatinus 111111 (1111111111 111111111111111111
11111111111111111111111111111111 1111111111 1111 pluteum 11111 1’1111111111111
111111 111111111111111111111’11111111 1111111111 111111111111111 11 11111111111.
1111111111111 ganea 11111111111111111111.

11 poi-s 11111111111111111111111311111111111;1111111111 171111111111111 11111
11111 1111111111 11111, 1111111111 11111111 chier (11 1111111, 1111 1111111111
111-11111ρ11111111111,1111111111 11111, 111 1111111111111 11111, 1 1111111 11
111111111111111111111. 11111 1111111111111 li 1111111111 11111. si 11 1111 1111111
mni, 1111111 11 111111111Ε11111111 Venissyen 11111111 10111111 saint-Marc
1111111111Ιί11111111111,1111111111111 111111*,111111111111111 1111111,1111111
1111111111. 111 11111111 1111111111 111111 1ο11111111 1 1111111. 1111111111111111111
1111111 bargen 11 1111 1 11 11111, 111 1111111114. 1,1 11111111111111 11111 11 11111111-
11. 1111111111111111111111111 111111111111111111 11111 111111, que plus (111111-
111111111111111111111·;111 11111111 11 11111111 81111-1111111 111111111 111
1 11111,1111111111ο1111 111 11 porta.

111 111 estrange 1111111111 ei! (1111111 1111111111 113111111111111 1nurs⁸3 11 11111
1111111 111, ki 1111 1111, 111 1111111111; 111111 11111111111111111 (111 1111111111
1111111111 111 gent. 111 11 (1111111111 11 111111. Si 1111111111 1111111111 11 basona del
1, 11 111 111111111111111 1111111 1111 cinq 111111, 11111111111111 1111 'que 11 11
11111111 11111111. Li baron 11111111111111 11 111111 1111111111111111111111
111111111111111111 111111111111 1 1111111 11111111 11 1111111111, 1111111 111
111111111111111111111. 11111111111111111111 111111 111 que 11 111111111111

’1111111111111111,1111111;111,111111111. 111111 1 1111. 111111111111 1111111. 11 11
’11111 11η 1111111. 11111 11111, 111 1111111111 1111111 111 deut
’111 111111 1111111111. · 11111111 111111111111 111111 11111 111 11 por·
'ml 11111111. , 111 du 11111. 111111111111 11111111111111111-
Ι11111111 111111 11 11111 1111111111.11111111 Α (111111 18111111. 1111111111 1111111111 1111111
hum 111111 1111111 11 1111111. 111 11111111 111111 1111111111111111111111,111
Mill· 1111111111111111 1 1 m 1111111 111- 111111 111 1111111111 (1111 11 mer. 111 1111111
*ulmis 11 111111111111 (1111111111, 1 111 11111111 1111111111 11111111111 111 1111111
ΙΙ 1111 11111 11111111111111 1111111 :que 11111 11111111111 1’111111111111111111111111
Ue 1111111111111111 111111111111. 111 1111111111;1111111111111111111111,111111
ι1111111 1111111111.111.111111111 1111111111 ² 1111111111 11 1111111111111111111,11111111-
1111111111111111111111111111111111111111111- ² [1111111111 11111111111111,111 11111111111 11·
1111111111111111111111 111111111. 111111 ξ 1111111 11111111111. comment 11111111-111 11
Ι111111111111111111111111111111111111111· . 11 1111111 11 1111111111 111111 1111 hommes
ἓ 11 mades 11111111111. 1111. 111, 1. 1.) 1 111111111111111111 11111 111111111111111. (111
'Mu 11111 11111 11 1111111111 (11161111 111111111111111,11 1111 11111111 11111111111
Ὴω1111111111111111 ¹ 1111111111 111111 1111111111 fruens? 1111. . 1111.
'Qund 111 111111,111-11, tutent 1 011111- 1111111111, 111. 111, 1 ,111

1111, 111 11 1111111111 1 11111111 111111 11 11 1111111111. 1111111111.

 

