1111011111 1113 unffi-mmmm. 2³9

1111ς111111111111111111111111111 111111· 1111111111 11 1111111111 1111 111 1111-
1111 1111111111 1111111111111 pour 11111111111111110111111111111111111

en 1111111111 111111111111111111111111 11111111 1111111111. 11111 1111 11 1111111111
11111, 11 111111111111 1111 111, 11 111111· 11111111 1111111111 11 1111111111, 11111111
111111111111111, 11 1111 11 111111111 (111111111111111111111111111111111111.
11111111111111111.11111111,111111 1111111111111111111111111111
ἕ1111111111111111111 11111111111111111 1111111 11 1111111111 111 111 1111111111 11
ιι111111111111,11111111111111111111111111- quant il tutent 11111111 porte, 11 11
ww 1111111111 11111111 1 111111 1111 1111111111 1111111111 1111. si 11 11 1111
1111111111 1111111111. Em! montereau! grans 1111111111, 111 11 111111 11111111
1111111111111111,1111111111111· 111-1111111111, 11 11111 1111111 11111111
111, 11111111111111111111111111111111 11 1111111111 111111. 11111 111 111111111
1111111 11 1111111111. 111 1111111111 ili 1111111111111111111 1111111 1111111 11
11111111 111111111111111 grant 1111- 11111111111111111.Ι1111111111111113111-
1111, 111111 11 11111111 111 111111. 11111 11, 11 11111111 qui 11111111 pol. 11 par 1111
1111111111111 1 11 11111111 1111111111 11 1111111. En 111111 111111111111111
Ι111111, 11 11111111111111111111111 Kyme 11 ,1111111 11111. 1111111111, 11111111·
111111111111111111111111,111111111 1111 1’11111111111111 que 11 (11111 111
&u ,111111111111111111111111111 11 1111111111 11 1111111111 1111 11 guerro
mu 1111111111111111 1111111111 11111111 111111111111111 el 1111111 11111. 111
’1111111111111111111111111111111111 1111 11 1111111111111 11111111 d'un 11111
1111111111πὶ1, 11111 111111 1111111ς 11 grant engien3 11 privent 1111111 gram
’1111111111111111111111111131111111 11111 11 111 1111111111 111111 11111111
1111111. Et 11111 1111111 1111111111 11111111111111111111111111111111 11
‘fle prince. 11111 111111 11 memet 11111111; 1111111111111111111111 vens
muln cuenes 111 1111111111 11 parole, 11111111 1111 111111 11111 1111111111 11
111111 1111 11111 11 111111111111,11 1111111, 11111 1111, 1111111 11111111

· 11111 1111111111 11111111111111111111111111111111111
¹ ' 18111,111111111111111111111111 1111111 11111111 alum· 11111 1111 11
ἰ’ 111 1111111 111111111111111 11111 11 1111111111111111 111111111 que 1111111
ι Venitne. 1111111111 quo 11 1111111111 1111111111111111’111111111111111111·
1 11 11111111 que 11 1111 11111 1111, 111 11111 1111111111111111111111111’111;11
‘a 11111111111111111111111111111111111 11111111 111111111111111111. 1111111-
·11 1111111111. si leur 1111 1111111111 11111111111111111111111,111111111111
’11111111 111111, 1111111111111111111111 ki 1111111111 1111111,11 11 111 1111111-
· 11 11 111111111111111111 11 1111 11111 11111111 111 11 1111111111111111-
« 1111 11111111111111111111111111111- 111111.1111111111111111111111111111 111-
11 11118111111111111111 111111111111, 11111111111111111111111,1111 11111 11-
1 11 111111111111 1111111111-1111, 11111111, 1111111111 1111111111111
u 111111 1111111111111,111 vous 1111 1111111111 111111, 111 111111111111 111111
ι 11111 111 11111111181111111111111, 1111 bargen 111111, 11111111111111 111
ι 1111111111 11111111. 111 1111111111, 11 111111111111111111111,111111111111
·11 vous 1111111111,11 111111111111111 par vive 11111 111111 111· 11111111 1111
ι 11111111111111111111,1111111111- 11111111, 11 111 1111111111 11111111 11
ι 111111111111111 11111111111111111111- 111111 , 11 111111111111111111111111 111-
1 111111111111111111111111111111111111 111111 111111111111111111 1111111111111
ι 11111 11111111111111 111111 1111111111 111111111111111111111111111111111111,
e 11111111 chon 1111 11111111 111-111, 11111 11111111111111111111111111111111 que
¹ 1 1111111111111111111111,1111111111- 111111111111111111111111 111111 11111111
11 [11111111 11111 11111111111 111111- 1111111111111111111111111 111 1111, 11-
11 11111.11111111111111111111 1111111 111111111111111111111111,111“111111111
ι 1111111111 (1111 11 11111 11111111111111 111111 11 11111111 111 11111111111111111, 11
ι que 1111111 11111111 11111 1111111 11111111 1111111111111111111111 11111 1111111-
1 grant 111111111111111111111 11111 11111111 1111111111111 11 (1111 11 111
111-111111111111111111111111 11111111 11111111 1111111111 111· 111111 111 111111.

 

