PAR GEOFF 1101 1)ss 1111111-119111110111. 111

119 11911999· ,1191 ordene (1911911999, 91 19911191 : 9 89199999, 19 1999191991, 119
1199911119, 9991999 9999119 · 99919 9111, 999 9119 991 119 9911911999, 911999 99199
9119. 9 09991 111199 devenissem 999, 91 9919 moult 191191,91 (119199 contos 91
199919 9 8919999919991919119 99919 1119 919111 1991919911, 9111199199 999119
9119191. 11191, 91999199 99 999199199919991991’9111991191999999999.11191999
9119911999 1999191991119. 9 ·

1199919911119999919111111199999 19991991999199991999991991119991ι «111991
1111 9999111991999 911 ki 9991 919119911911911.1111199 19 991199 999 19999 que 11
mn 99199 9999 9991 991 (1999911199. 09 9991999 nous bonni 99 9999 99 11 91-
91 prendre. » 11 1199991991999111199919 9 sire, 9999 19 1999 9111999991 9999-
9999919991 119 9999 1119199199111991999991. 9 11991 19 11 9999999 99199 9199
119 19199991 199199 (191991 19 99919 (19 19 11119, 91 91 19991199991 199 99919999 91 199
1199991999 91 199 991999 engiens (199111 1 1119119919. 1111191999 191999119991919999ῑ
99919199 99919 919. Et 1999 99999991199991199 9991999911919999 19999 91 99
99 1919 11191991 11999 11999999999191919999.1111999 9919991 1999 199991199999 91
9 1199 999199 9199999999111999911 199991199 19 9999. 111 9999191111 11911999 119991
19, 91991999191911, 99199-1919919191919911911119199191 991991, 991 19 9999911119
19 k! 191919911991 199991119911991 19111119 99919999 19 19999111 19 1199119119-
99, 999199 199 1199.

Mon 119111 119999 999199 91991999999119911191 : 1 8199999, nous 91999 99919
9999119199 999 19 19999111 11911199 9119 199199. 09 991 11999 991119, 91 9999 99 99999
’1199919191999999 9 19 1199999, 91 9999 99 999191999 99191199 1999199 91199 111
Ι 199991199991999999 1999999 9199119 11199199119991111999 91199911919119, 91 (19
111999 999919, 9119 999119999 999 9111 ς 9199 9999119999 19 9191111911999 199199.»
119919 11 (1911999991, 91 1111911. 111991919999991199991191919991999911199 919
ht. 911119999919 99991 199199. Lon tutent 11 99191 (1999911, 91 9919 11 91991 999-
119 1199119919 91 99 11991999 11 99 1991919999191119199 191119 9911919199. El
111 199991 9911999911, 99 1199911999 99919, 91191 999 199911 grant 199991991999 1
11119 1199999999 999 999199911999999999119119 1991991999 91 do Franehois 199911
Ι 91 199911 11999, 9199999999199 9911199 (19199199 9999. Et 19 9199999 19 1991119
1991 19 9999119911 91 99919999199199911999199.1111999111 91 gens 991919 9
191991191911 1911199199 99 9999911991999 99911919. si 99199199911199991 (1999199911
1199. 1191911999911919199 1191991, qui 99 191919911919191991, 1199991 1991991911
19119 91 9919919991119999111199919991. 1119919 11 9191991 (19991991 99 991199, 91
111111999199991 99 99 99199. 119911199911991199199991919911911919 9911. 111 199199

Gn! . 919111 1191999-599999,1991 191 9999119 g 991999191919η 9111111. ι 999 991 191 9191 9999 99
119 19119999999999,9199 9919111 1919999 dans 11 91911 99999 991999 11999199 91 119 199999 91 199·
'vm 9991991991119199919. 1919919991119199999 111· 999 99111 191919 9999
he 9999 9999111199. 911 11 99911 99199 de 199999 99 11919199 ou 91
111111. 199999991199119191199.·

Ρ99991111. 19199999.

¹523, ι 999 991 191 999911 11 119991 'rant

 

