PAR (1110111101 1)ss VILLE-HARDOIN. 113

111111111111111111111 1111 11111111 outre 111111111111111111111 111111111111111
111 611111, 11 11 1111111111 11 1111111111111111 11 11111111 11111111 11111

111111111111311111. 811111ὀ111111 111111111111 11 11111 pesa ‹l'une part
11.

11 1111111111 1111 111111 une 1111111111 11 [urent moult irlel, 1111111 111· 3 car 11

11111, 11111111111111111111111111111111 hon 11111111111111111111111111
non.

1111111111111111111118111111 11 111111 il 111 1111, 11111111 11 11 81111-111111111 ¹.
11111 en constantinoblo ariete. Moult 1111111 1111111111 11111 11111111 11 611111 11
1110111111111111111111(111111111111111111111111111111111111 1111111111.
in u’en r'alerent 1111111111 111, dont 11111111 1111111111111. Enni 1111111-
11111111111161111111111111111 11 111111111111111111. 11111 1111111111 1111111111-
minum 1111111 1111 1111111111 1111111.

11111111, 111 11111111 11111 1111 111 1111111 1111111111111111111111111111,111
1111 111 11111111 11 1111 11111111 1111111 bien 1111111111 fait, 11 11111 11111111
1111111111111111111 11111111. 11111111111111 lui movent, 1111 prioient que 11
111111111111111111111, 11111111 avon 111 1111111111 11 11 111 111111 1111111111
1111111111 111111111111111111 1111111111111111111111111111, 11 11 11 1111111
11111 111111. Li 1111111111 11οηί1111111, ki 111111 111111 111111 (111 autres ⁴ 11 111111
1111·,11111 11111111 1111111111 li 11111111 1111111111111111111111 aus, 1111111111·

1111111111111;111111111111111111111. 11111111111111111111111, 11111111 1110111111-
111 11111. 1111111111 51111111, 1111111 venetiorum 111111-
111111111 11111. dolo) 11111111. 1111 111111 1111111111 1111111111
11111 11111111111111 [111111111111 111 111111111111111111111111111111111111111 habebat.
11111111111111111111, 111111111111111111 1111111111 111111 11111 1111111111111111111,1111111111111
11111111 une 11111111 1111111 11111 111111 111111.·0111111111111111111111,11111·11111111111111111
11 111111111111111111 1111111111 1111111 (11111. 1111111111. 111111, 111011 . 11 11111111 11111,
,1111 1111. 11111111 11111111 (1. 1111 que 11111111111111111111111111 1111111111111111 1111
m 1111111111 11111111111111111111 1111· 1111111111111111111111.111111111111111111111111
1111 1111111 maisons 11 111 plus 1111111 1111111111.1111111111111111111111111111111111
11 11111111111111ς ι 11 1111111111111111 111111(111111111111118111111111.1·111111611·11.ι1111
1-11, 111111111111111 111111111 111 111111 11111111 11 1111 11111111111, 1111111111111111
111111111111111111111, 11 se 1111111111 11 1111111111111111111ὀ1111111111111111111111111
1111111111. 1111111111 11 teu 11111111 et 1111111111111 11111 111111. 11111111111111111-
1111111111 1111111. · 111111 111 1111111111 1111111 11111 1111111, 11 111-
uon 1111111111.111 111111111111. 1111111111 11111 1111111111 11111111111 111 11
1111111111111111111111111(ρ. 1111. 1111. 1111111111, 111111 11 1111111 11111111111111 un 11·
’1111111111 1111111111111111111111111-111- 11111 de 11.1111ο111111111 d’or. 1.*11111111111111111
1111101111. 11 (1111. de 81111111111111 1111111111111111111111111 1·1111111111,11 11 1111111111
1111111 11111111.111111111111111111111111111 111111111111111111111111 11131111111111 11 1111111
111111111111111111111111111111’111111,111111111 occidentale 1111161111, 1111111 1111 1111111111
11111111111111111111111111111111111111. 1111 11 11111111. 11111111111111111111 11111111
11111111 1111111111, Bonifatius. 11111· 11111111. nous 1 1111111111( 1“1.·1«11111111,1.2.
1 marchio, 1111111111, 1111111 111111111- ι1.2121111111.)1111111111 1111111111 1“11 1111·
111111, 11111111 1111111111111111. nunc 11111111. 111, 1111111. lm 1111111 111 11 1111111111

 

