PAR (1110111101 ΒΕ vum-mmm. 111

111, 11 1111111111 li 1111111111111111111111. 111 1111111111 11 mun 11 11
‚¹⁸3 11 1’11111111111111 1111111111. 111 1111 1111111111111111111111111, 11 11111-
1 111111111 111 nuit 11 131111111111111.111111111111111111111111111111111
’1 11 1111111111 que 11111111111ς11 111 1111111111111111111811111111111
11111 : que 11 1111111111 1111 marchis 11111111111111111111111 1111 1111111111
111111111111, 11 111 1111 11111111111111 1111111111 1111 1111111 1111111
reni· 111 11111 1111 11 111111111111111111111111111111,11111111 11111111-
11 11111 (1111111111 1111 (111 11111 11 conquesto 111 1111111 1111 1111111111. Lora
111111111 tout 1111111 1161111111111111 ou 11111111111111111,11 111111 moult
111 11111111. Et 11111111 111111111111111111 11111111111111111111 1111111111·
11111 1111111111 11 11 11111111111111111.

11111 11111111111111111111111111111 1111, 11111111111111111 1111111111
(1111111111 11 111111111111111111 11 111 1111111 1111111 1 1111111111 1111
ἡ, 11111111 (111 11 111111 1111111 11111111, 11 (1111111111 111 11111 1111 gunt
’111111 111111 1111. 111 111, 11111111111111 111111 11111111111111,11111111
1111111111 1111111111. 11111111 111111111111111111111111111 111111111111 1111
11111111111111 11111 1111111111111. 11111 11 partirent 11 (11111111111111ς 11
memorent 111111111111111111 1’11 111111111111111111111 111111 111111. 111
1111 111111111111111, 1111111111111 1111;11111111111111’1111111,11111111111
ΜΠ1,111111111110111111,110111111 Lo 1111111Ι 1111111111 111111 11
ui! 11 marchia. Quant 11 111111 11111111, 1111111111111111111,111111111
ut 1111 1111111. 111111111111111111111, 11 11111111111111111 11 , 1111111111
*aaronem 1111111111 en (1111 11111111111111111111111111111111111, 11111·
1111111111111111111111111111111, 1111111111111111111111111111111111-
1111111111 11 111111 1111 1111111111, 11 11 1111111111 111111 111 11111111. Li
1111111111111 111111111111111,1111111111111111111111111111111111, 11111
111111111111111111111111. Q

Fut travena 1111111 11 1111111111 111111111111, 11111111111111 1111111111
111111111 1111111 du marchis 11 qui 11111111 11111111111111111111111111111-
111111 11111τοί1 111111111111111111111 conte 1111 11111111 1111 01111111
1111, 11111111111111 111111111111111111111. 1111111 11 111111 1111111111
111 11 11 1111 11 11111111. 1111111111, 11111 1111111111 111111 1111111 11 111-

111 1101111111111111111111111111111111111111111111 1111 11111 11 moult
1111111111111111111111111. ΕΙ 11111 1111111111111 11111111 11111111, 11 11-
11 11111111 111111; 111 11 1111111111 1111111111 11 111111111111111.1111 11111-
11111111111, 11 111 111111 11 11111111 1111111 111111 11 gont 1111111111 11111· ⁶

111 11 teme 111111.

11 11111 111111 011111111111111 11111 · 11 1111111 111 11111111

1111 1111 11 1111111111 11111111. 11 11 10111 1111111,111111111111111 1111111111
1111 1111111111 111111(1111111). vom 1111111111 (111111 11 111111111)111111,1111111
1111111111 1111111111111111 11 1111111111 1111111111 11 11111111 Atheniensium 11111111·
ι 111111. 1111 1111111111. 1111111,1111111 11111111.(1>11.119,1111.11 11111111. 1

 

