PAR 01ἶο11111111 m: x'uJJz-nmnolx. 1111

pour 1111111111111111111111 11111111111111. 111 11111111 111 11 1111111111111
11 11111111 11 1111111. ιι

1111111111 1111111111 1111 11111111111111111 1111 11 111111111111111111 11111 11
1111111. 11111111 11111 111111 1111111111 1111111111111111111111 11111111111111
1 ki 1111111 1 grant outrage 11 mant· 1111111111 (11111111111111 11 11111111111,
111 : «ι 8111, vous 111 11 11111 que 111 11 (111111111111111 1111 11111111, 1111
1111111111 11111111 1111 1111 1111111111 1111 111111. 111111111,1111 patulos,
1 111 1111111 1111 11111111111111111, 1111 11111111 1111111111. 1 1111111111
11 11111111 111111 11111 111 1111 111 111111111 111 111111 (111111 1111111111 11 111111
1111111111111 1111· 11 11111111111111 ,1111111111 11111111 11 1111111111-
11111111111111111111111 11111 1111111111 1111 (111111 1111111111 1111111, 11111 je
11111101111111111111, 1111 111111111111111111111111111. 1

11 1111111 1111111111 1111111111 111111111111111, 111111111111111111111111111111.
111111111111111 1111111111111111111 11 111111111111 grant 1111111111 11111
ignom. 111111111 11111 1111111111 111111111111 111111 1111111111 1111 11111111
111111· 11111111Ιί11 1111111111111111111111111111 11 1111. 111 1111 1111111111 1 1111
1 1111111111111 111111 1111,1111111111;ι« 8111, 1111111111 111111 1111111111
111111111111111 nous, 1111 com li 1111111111 1111. 1 11 1111111111 1111 1111 11 11-
1111111111. 111 11111111111111111 1111111111111111111111111111111111111111111-
1111111 1111111111 1111111611111111 dou (1111111111111111111 1111111111Τ11111
11111 11 111111111111111111111111111ς 1111 11111111111111111111111111111111.
11111111111111111111111111111111111111 111111’11111111111111111111; 11 11111-
1111 1111111111 111111111111111 11111111111 1111111 11 1111111111, 11 11 111111 111
111111111111111111111111111. Lon 1111111111111111 1111111111111, 11 commo
1111111111, que 1111111111 (111111111111111111111111111111111111111111111111-
1111;111111111111111111111111111,11 11111 11111111 111111 11111111. Comei! [11111
1111111111 11111111. Si 11 11 1111 111 11 1111111111 11111111 11111 11111111 1111 1111
11111 111 11111 : 11111111 11111111111101111111111111,11111111111111111111111-
11. 1111111111111111111 111 111 11111111 1111 1111 111111111 (111111111111111.
1111111 1111111111 1111111 Ι111111ς111111111 11111111111 111111111111111, 11 11
1111111 11111111111111111311111111 11111111 11111 11111 1111 1111111 1111· 11
m 1111 1111111111111111 111111111111111 111111111111 1111111111111111111111
111111 111111 1111111111 1111111111. 111 11 111 81111111 11111111, 11111111111111 111111
m 11 111111 1111111 11 11111111111 11 1111111 11111 11 111111 1111111 11 11111 11 1111111111
111111111111 1111111 1111 1111 111111 1111111 111111 111111111111111 81111111; 11
1 11 11111111111 111111111111111111111111111111. 11111 11111111 1111111 111
111111111111111111111111 1111111111 ⁰¹3 11 1111111111111111111 1111 par 1111,
111111 11111 1111 1111 grant 111111 111111 11111.

mucul. Ι 11111.
111, «11111111111111111111111 Ι 'Eun
111.111111111111111111. . ‘mama

 

